%YAML:1.0
---
K: !!opencv-matrix
   rows: 3
   cols: 3
   dt: d
   data: [ 5.3607341877114925e+02, 0., 3.4237039413093021e+02, 0.,
       5.3601633592348571e+02, 2.3553685381327472e+02, 0., 0., 1. ]
D: !!opencv-matrix
   rows: 1
   cols: 5
   dt: d
   data: [ -2.6508979627471879e-01, -4.6745996939601409e-02,
       1.8330107785230151e-03, -3.1469982820320815e-04,
       2.5231976151598878e-01 ]
